-б 4  0.0
-4.94 4.49  0.0
-2.42 4.73  0.0
-3.22 4.63  0.0
-0.72 4.53  0.0
0.56 4.39  0.0
1.72 4.35  0.0
3.78 4.25  0.0
5.32 3.73  0.0
7.1 2.55  0.0
7.5 1.95  0.0
7.68 0.97  0.0
8.06 .0 0.0
7.28 -1.55  0.0
6.56 -1.89  0.0
5.38 -1.97  0.0
3.74 -2.11  0.0
2.46 -2.11  0.0
1.38 -2.11  0.0
0.44 -2.09  0.0
-1.48 -2.13  0.0
-3.12 -2.17  0.0
-4.6 -2.07  0.0
-б -2  0.0
-7.08 -1.35  0.0
-6.48 -0.69  0.0
-4.88 -0.29  0.0
-3.56 -0.31  0.0
-1.56 -0.37  0.0
-0.52 0.49  0.0
-0.2 1.49  0.0
-0.78 2.03  0.0
-1.72 2.25  0.0
-3.66 2.33  0.0
-4.92 2.47  0.0
-6.36 2.61  0.0
-5.46 4.2 2.5
-4.24 4.76 2.5
-2.74 4.86 2.5
-1.14 4.88 2.5
1.3 4.82 2.5
3.12 4.46 2.5
6.2 3.9 2.5
8.5 2.88 2.5
8.84 2.5 2.5
9.28 -1.26  2.5
8.72 -2.64 2.5
7.26 -3.6 2.5
4.4 -3.96 2.5
2.02 -4.24 2.5
0.62 -4.26 2.5
-1.32 -4.16 2.5
-2.86 -4.06 2.5
-3.72 -3.92 2.5
-4.94 -3.14 2.5
-5.74 -2.34 2.5
-6.32 -1.1 2.5
-6.68 0.42 2.5
-6.44 1.4 2.5
-5.56 2.16 2.5
-5.86 3.02 2.5
