-4.0     2.0     -1.5
-2.63     -1.84     -1.5
-1.91     -1.84     -1.5
-1.71     -4.08     -1.5
0.88     -4.47     -1.5
2.89     -3.73     -1.5
4.2     -2.91     -1.5
4.17     -1.67     -1.5
3.76     1.24     -1.5
2.51     3.44     -1.5
1.09     4.82     -1.5
-0.26     3.36     -1.5
-2.18     4.0     -1.5
-5.0 3.0 -1.5
3.34     -2.85     0
3.35     -1.19     0
2.89     0.81     0
2.75     2.21     0
2.0     4.0     0
0.37     3.96     0
-1.6     3.35     0
-3.52     2.5     0
-2.79     1.04     0
-1.85     -0.85     0
-1.33     -2.88     0
0.38     -3.7     0
1.89     -3.1     0