0.5    0.15      0.5   
0.41    0.29      0.5   
0.3    0.32      0.5   
0.18    0.26      0.5   
0.0    0.24      0.5   
-0.13    0.29      0.5   
-0.21    0.25      0.5   
-0.26    0.50      0.5   
-0.38    0.25      0.5   
-0.7    0.22      0.5
-0.5    -0.24         0.5
-0.41    -0.23         0.5   
-0.29    -0.23         0.5   
-0.23    -0.29         0.5   
-0.05    -0.4        0.5
0.08    -0.3         0.5
0.19    -0.25         0.5
0.29    -0.3         0.5
0.4    -0.26         0.5
0.5    -0.29         0.5
0.5       0.15        -0.5
0.39       0.25        -0.5
0.28       0.30        -0.5
0.13       0.28        -0.5
0.0       0.25        -0.5
-0.15       0.19        -0.5
-0.24       0.22       -0.5
-0.30       0.25        -0.5
-0.41       0.20        -0.5
-0.5       0.22        -0.5
-0.5       -0.24        -0.5
-0.42       -0.21        -0.5
-0.35       -0.22        -0.5
-0.20       -0.29        -0.5
-0.05       -0.32        -0.5
0.08       -0.30        -0.5
0.19       -0.25        -0.5
0.31       -0.3        -0.5
0.43       -0.27        -0.5
0.5       -0.29       -0.5