2 14
-0.5879791985861889,1.4793104101949068 4.00001
-1.0883774595658773,1.6461098305214696 4.00001
-1.9594410990490385,1.4793104101949068 4.00001
-2.496905897879074,1.201311376317302 4.00001
-2.7749049317566787,0.7009131153376132 4.00001
-3.071437234559457,0.31171446790896656 4.00001
-3.182636848110499,-0.46668282694832697 4.00001
-2.8119714696070264,-1.0968139704042312 4.00001
-2.2189068640014695,-1.1709470461049258 4.00001
-1.737041871946955,-1.1153472393294048 4.00001
-1.1254439974162247,-0.9670810879280156 4.00001
-0.5509126607358416,-0.4852160958735006 4.00001
-0.476779585035147,0.34878100575931387 4.00001
-0.5694459296610153,0.9603788802900445 4.00001
2 15
1.4877469210332592,1.9611754022494219 4.00001
1.2468144250060018,1.5905100237459486 4.00001
1.0985482736046128,0.775046191038308 4.00001
0.9873486600535709,0.31171446790896656 4.00001
0.8390825086521817,-0.4852160958735006 4.00001
0.7464161640263135,-1.0412141636287102 4.00001
0.7464161640263135,-1.6898785760097883 4.00001
1.13561481145496,-1.9308110720370457 4.00001
1.7472126859856902,-1.6157455003090935 4.00001
2,-1 4.00001
2.192011140189858,-0.46668282694832697 4.00001
2.3773438294415943,0.3673142746844875 4.00001
2.5256099808429835,1.2939777209431702 4.00001
2.636809594394025,2.109441553650811 4.00001
2,2 4.00001
2 18
4.360403604435175,1.738776175147338 4.00001
4.156537646258264,1.3681107966438648 4.00001
3.8229388056051383,0.775046191038308 4.00001
3.748805729904444,0.31171446790896656 4.00001
3.7117391920540967,-0.4852160958735006 4.00001
3.841472074530312,-0.9856143568531893 4.00001
3.9712049570065275,-1.5786789624587463 4.00001
4.545736293686911,-1.7269451138601355 4.00001
5.138800899292467,-1.5972122313839199 4.00001
5.731865504898024,-1.1894803150300994 4.00001
6.324930110503581,-0.892948012227321 4.00001
6.454662992979796,-0.3369499444721114 4.00001
6.547329337605665,0.34878100575931387 4.00001
6.287863572653233,0.7565129221131343 4.00001
6.009864538775629,1.1642448384669546 4.00001
5.639199160272156,1.516376948045254 4.00001
5.324133588544203,1.738776175147338 4.00001
4.749602251863821,1.6646430994466435 4.00001