-729.834 -246.26 303.083
-729.834 -370.461 285.513
-729.834 -451.834 243.784
-729.834 -563.186 171.308
-729.834 -584.6 151.541
-729.834 -601.731 120.794
-729.834 -623.145 -65.8875
-729.834 -623.145 -85.6538
-729.834 -576.035 -127.383
-729.834 -546.055 -144.953
-729.834 -498.945 -164.719
-729.834 -284.805 -224.018
-729.834 -259.109 -228.41
-729.834 -130.625 -245.98
-729.834 -6.42418 -252.569
-729.834 139.191 -259.158
-729.834 229.129 -248.176
-729.834 379.027 -199.859
-729.834 400.44 -184.485
-729.834 443.268 -147.149
-729.834 511.793 4.3925
-729.834 520.358 54.9063
-729.834 520.358 72.4763
-729.834 511.793 103.224
-729.834 468.965 144.953
-729.834 413.289 186.681
-729.834 370.461 215.233
-729.834 -96.3627 305.279
-729.834 -164.887 305.279
